# Format: McCode with text headers
# URL: http://www.mccode.org
# Creator: McStas 2.6 - Jan. 24, 2020
# Instrument: hb3_Fahima.instr
# Ncount: 1000000000
# Trace: no
# Gravitation: no
# Seed: 1590197547
# Directory: /home/fi0/HB3A_simulation/hb3_Fahima_20200522_190210
# Param: brightness=2.3e+11
# Param: Lmin=0.1
# Param: Lmax=5
# Param: lambda=1.53
# Param: DM=1.02941
# Param: THETA_M=48
# Param: SM=1
# Param: RV=1.4
# Param: L1=6.56
# Param: TILT=0
# Date: Fri May 22 19:51:59 2020 (1590191519)
# type: array_1d(200)
# Source: HB3A (hb3_Fahima.instr)
# component: source_check_energy_at_main_shutter_exit
# position: -3.49138 0 3.30313
# title: Energy monitor
# Ncount: 1000000000
# filename: source_check_energy_at_main_shutter_exit.dat
# statistics: X0=53.9268; dX=37.6357;
# signal: Min=0; Max=1.38709e+08; Mean=3.34617e+07;
# values: 6.69235e+09 495280 4.88028e+08
# xvar: E
# yvar: (I,I_err)
# xlabel: Energy [meV]
# ylabel: Intensity
# xlimits: 0 300
# variables: E I I_err N
0.75 0 0 0 
2.25 0 0 0 
3.75 38665452.17 4416.353218 80252620 
5.25 60645863.71 7825.82721 62255580 
6.75 73763900.71 11434.25914 42490647 
8.25 85232554.3 15322.5054 31354477 
9.75 95283111.73 19386.70237 24374375 
11.25 104005220.8 23535.57997 19653744 
12.75 111429421.4 27686.96021 16274280 
14.25 117869213.8 31809.92772 13779403 
15.75 123090086.3 35814.24626 11845009 
17.25 127516893.2 39709.502 10334511 
18.75 130987834.7 43429.58287 9112594 
20.25 133747774.3 46980.25067 8116099 
21.75 135864807.1 50342.79649 7291728 
23.25 137273558.6 53482.72985 6593991 
24.75 138412619.8 56465.78412 6013279 
26.25 138708541.4 59160.0133 5500771 
27.75 138630072 61647.54809 5059535 
29.25 138258803.3 63937.70947 4678003 
30.75 137293615 65952.37785 4335085 
32.25 136143824.7 67780.26137 4035722 
33.75 134744202.2 69405.14386 3770049 
35.25 133140774.9 70834.42311 3533666 
36.75 131163065 72022.44963 3317143 
38.25 129134087 73055.05123 3124967 
39.75 126978139.6 73913.67066 2951629 
41.25 124543019.9 74555.49835 2790768 
42.75 121945414.4 75014.21299 2642898 
44.25 119483563.5 75385.17909 2512317 
45.75 116829239 75571.21559 2390093 
47.25 114103585.9 75612.5794 2277353 
48.75 111213193.7 75481.59614 2170933 
50.25 108346755.8 75244.07767 2073480 
51.75 105685366.5 74970.79917 1987263 
53.25 102803204.9 74516.13778 1903357 
54.75 99978914.94 73983.23392 1826232 
56.25 97093147.76 73332.66893 1753018 
57.75 94186216.46 72583.08993 1683863 
59.25 91374423.29 71783.73487 1620314 
60.75 88635260.24 70931.64736 1561472 
62.25 85909069 70008.27428 1505844 
63.75 83073004.68 68966.31248 1450929 
65.25 80441617.24 67939.74058 1401890 
66.75 77799442.43 66843.88299 1354658 
68.25 75471063.84 65823.23675 1314627 
69.75 72786018.93 64590.11307 1269884 
71.25 70302050.61 63391.03409 1229931 
72.75 67901606.37 62179.21209 1192533 
74.25 65516309.5 60927.19008 1156319 
75.75 63139594.39 59634.1593 1121024 
77.25 60846207.62 58338.8418 1087811 
78.75 58688787.59 57070.15335 1057535 
80.25 56590629.62 55795.50023 1028712 
81.75 54567069.49 54525.14354 1001547 
83.25 52500163.25 53202.57109 973779 
84.75 50522187.87 51896.65322 947743 
86.25 48549031.37 50566.64137 921804 
87.75 46817394.19 49338.63452 900423 
89.25 45005214.69 48047.33276 877393 
90.75 43215095.91 46746.95795 854618 
92.25 41591131.25 45518.4264 834902 
93.75 39958312.39 44268.5782 814765 
95.25 38334105.81 43008.42055 794463 
96.75 36827448.66 41800.50308 776231 
98.25 35411389.88 40632.1106 759554 
99.75 33991305.46 39450.85795 742395 
101.25 32563717.34 38255.4312 724594 
102.75 31292271.83 37143.14935 709791 
104.25 29981816 36000.51959 693606 
105.75 28766311.84 34908.17689 679093 
107.25 27581701.22 33829.29919 664771 
108.75 26537039.7 32832.16437 653315 
110.25 25422326.67 31788.40685 639603 
111.75 24292514.35 30731.48794 624879 
113.25 23328066.48 29776.84311 613789 
114.75 22316284.62 28789.98593 600870 
116.25 21405395.83 27867.30288 590034 
117.75 20512355.75 26955.82825 579091 
119.25 19600555.72 26031.64039 566964 
120.75 18728883.84 25133.72887 555306 
122.25 17951950.66 24300.38845 545783 
123.75 17263751.61 23528.45304 538403 
125.25 16500737.55 22707.70034 528062 
126.75 15748638.32 21895.31546 517379 
128.25 15098512.23 21155.97048 509364 
129.75 14424951.23 20402.80848 499891 
131.25 13779818.48 19671.88395 490707 
132.75 13213635.69 18999.93934 483691 
134.25 12611795.96 18305.51727 474699 
135.75 12076926.77 17662.65715 467552 
137.25 11542857.76 17023.2799 459801 
138.75 11041527.11 16411.58735 452676 
140.25 10544950.71 15806.88498 445069 
141.75 10082639.62 15231.35249 438231 
143.25 9633924.645 14669.71093 431316 
144.75 9203192.987 14125.18233 424543 
146.25 8809142.635 13612.4598 418820 
147.75 8386709.148 13081.59344 411051 
149.25 8032085.965 12606.92918 405950 
150.75 7665941.788 12127.27434 399613 
152.25 7331646.618 11676.18592 394309 
153.75 6989605.059 11222.8152 387916 
155.25 6684446.015 10802.52247 382928 
156.75 6375569.195 10383.07325 377071 
158.25 6093962.322 9989.340007 372189 
159.75 5801140.422 9589.857205 365966 
161.25 5537069.469 9217.691164 360873 
162.75 5311192.184 8881.061652 357679 
164.25 5038159.78 8507.978172 350696 
165.75 4813719.652 8179.528025 346374 
167.25 4611416.828 7872.98337 343108 
168.75 4386727.625 7550.720028 337556 
170.25 4174447.394 7242.186448 332277 
171.75 3995598.279 6965.899674 329042 
173.25 3805712.746 6683.00558 324318 
174.75 3634516.337 6419.532421 320575 
176.25 3459969.269 6156.164975 315913 
177.75 3302858.733 5911.111066 312238 
179.25 3149482.945 5672.290597 308323 
180.75 3001719.471 5441.206746 304365 
182.25 2863629.018 5221.562284 300800 
183.75 2723476.079 5002.750421 296398 
185.25 2594801.514 4796.945622 292634 
186.75 2471349.247 4598.370407 288873 
188.25 2365403.264 4418.622009 286605 
189.75 2250489.937 4232.756574 282719 
191.25 2144150.987 4057.312277 279307 
192.75 2047636.332 3893.405448 276627 
194.25 1946383.564 3727.162823 272740 
195.75 1862151.658 3579.31715 270694 
197.25 1772671.825 3428.453932 267368 
198.75 1691503.248 3287.656243 264742 
200.25 1612558.011 3150.911623 261944 
201.75 1532369.365 3014.863989 258370 
203.25 1458618.393 2886.898825 255312 
204.75 1388546.695 2764.257388 252357 
206.25 1318667.613 2643.510846 248863 
207.75 1257291.131 2532.856561 246435 
209.25 1199262.59 2427.172097 244163 
210.75 1141769.322 2323.614467 241480 
212.25 1083830.764 2221.067998 238151 
213.75 1032752.261 2126.955277 235792 
215.25 988221.5441 2040.909013 234485 
216.75 938899.3804 1951.319512 231545 
218.25 893928.0807 1867.490852 229162 
219.75 851859.7788 1787.943701 227030 
221.25 811112.2047 1711.053133 224745 
222.75 771627.6054 1636.646562 222311 
224.25 733591.2857 1564.787112 219813 
225.75 699105.038 1497.892703 217861 
227.25 666016.5223 1433.477544 215896 
228.75 634533.6478 1371.808161 213983 
230.25 602368.2238 1310.412038 211332 
231.75 573463.4872 1253.435694 209346 
233.25 546788.0946 1199.811297 207716 
234.75 520733.0839 1147.734037 205876 
236.25 495513.9363 1097.369638 203922 
237.75 471212.8557 1048.905372 201846 
239.25 447635.7159 1001.959043 199622 
240.75 427569.2415 959.6988202 198519 
242.25 404665.2187 914.9346416 195646 
243.75 387410.8766 877.3033325 195031 
245.25 365164.5421 834.5870921 191467 
246.75 349286.4095 799.823772 190737 
248.25 332157.2806 764.1906848 188949 
249.75 315942.9804 730.2394301 187218 
251.25 301208.3831 698.5340436 185960 
252.75 284882.3148 665.5326221 183254 
254.25 272093.4773 637.1528309 182394 
255.75 258600.5207 608.4881431 180641 
257.25 244761.1793 579.8846683 178182 
258.75 234138.0622 555.5325321 177659 
260.25 222276.7226 530.1692922 175801 
261.75 211100.8653 506.0379547 174051 
263.25 201043.6347 483.6638964 172805 
264.75 191691.4113 462.5049002 171805 
266.25 182233.275 441.6144529 170307 
267.75 172919.936 421.2721565 168511 
269.25 163483.0825 401.1066681 166146 
270.75 155903.8145 383.5407102 165255 
272.25 149201.2409 367.3943021 164947 
273.75 141497.7006 350.3022207 163184 
275.25 134066.1369 333.8482827 161289 
276.75 127503.0867 318.7487512 160033 
278.25 121543.2081 304.6578012 159185 
279.75 115152.0302 290.3290197 157336 
281.25 110008.1014 277.7882496 156851 
282.75 104646.5025 265.2081248 155719 
284.25 99207.25812 252.7645008 154071 
285.75 94483.39017 241.4540339 153147 
287.25 89884.37934 230.5116435 152072 
288.75 85312.10032 219.8037283 150667 
290.25 81202.33633 209.8847204 149707 
291.75 77382.18844 200.5244706 148941 
293.25 73259.37835 190.9395749 147232 
294.75 69590.12814 182.1236918 146026 
296.25 66436.64885 174.1356951 145582 
297.75 62854.81251 165.754741 143818 
299.25 59834.60391 158.2502224 142983 
