# Format: McCode with text headers
# URL: http://www.mccode.org
# Creator: McStas 2.6 - Jan. 24, 2020
# Instrument: hb3_Fahima.instr
# Ncount: 10000000
# Trace: no
# Gravitation: no
# Seed: 1590382566
# Directory: /home/fi0/HB3A_simulation/source_code/hb3_Fahima_20200524_171725
# Param: brightness=2.3e+11
# Param: Lmin=0.1
# Param: Lmax=5
# Param: lambda=1.53
# Param: DM=1.02941
# Param: THETA_M=48
# Param: SM=1
# Param: RV=1.4
# Param: L1=6.56
# Param: TILT=0
# Date: Sun May 24 17:22:08 2020 (1590355328)
# type: array_1d(200)
# Source: HB3A (hb3_Fahima.instr)
# component: source_check_wavelength_at_sample
# position: -4.24916 0 5.31336
# title: Wavelength monitor
# Ncount: 10000000
# filename: source_check_wavelength_at_monochromator.dat
# statistics: X0=1.33922; dX=0.331141;
# signal: Min=0; Max=4.89489e+06; Mean=61356.1;
# values: 1.22712e+07 64141.4 83387
# xvar: L
# yvar: (I,I_err)
# xlabel: Wavelength [AA]
# ylabel: Intensity
# xlimits: 0 6
# variables: L I I_err N
0.015 0 0 0 
0.045 0 0 0 
0.075 0 0 0 
0.105 3.623669717e-83 3.276875439e-84 5594 
0.135 7.240693506e-57 3.405127518e-58 4510 
0.165 5.992298026e-35 1.904343373e-36 5279 
0.195 1.287144228e-25 3.421580499e-27 3087 
0.225 1.954664425e-17 4.140631428e-19 3538 
0.255 1.898293296e-10 3.536662691e-12 3878 
0.285 0 0 0 
0.315 0.0001585574038 2.37282861e-06 5103 
0.345 0 0 0 
0.375 7.782242117 0.10073347 6308 
0.405 0 0 0 
0.435 0 0 0 
0.465 0 0 0 
0.495 9909.095651 155.0770805 4105 
0.525 11884.60123 186.713903 4073 
0.555 0 0 0 
0.585 0 0 0 
0.615 0 0 0 
0.645 0 0 0 
0.675 0 0 0 
0.705 0 0 0 
0.735 0 0 0 
0.765 3020246.029 26684.83268 12840 
0.795 0 0 0 
0.825 0 0 0 
0.855 0 0 0 
0.885 0 0 0 
0.915 0 0 0 
0.945 0 0 0 
0.975 0 0 0 
1.005 0 0 0 
1.035 0 0 0 
1.065 0 0 0 
1.095 0 0 0 
1.125 0 0 0 
1.155 0 0 0 
1.185 0 0 0 
1.215 0 0 0 
1.245 0 0 0 
1.275 0 0 0 
1.305 0 0 0 
1.335 0 0 0 
1.365 0 0 0 
1.395 0 0 0 
1.425 0 0 0 
1.455 0 0 0 
1.485 0 0 0 
1.515 4894889.143 42734.20451 13134 
1.545 4334288.909 39695.59978 11938 
1.575 0 0 0 
1.605 0 0 0 
1.635 0 0 0 
1.665 0 0 0 
1.695 0 0 0 
1.725 0 0 0 
1.755 0 0 0 
1.785 0 0 0 
1.815 0 0 0 
1.845 0 0 0 
1.875 0 0 0 
1.905 0 0 0 
1.935 0 0 0 
1.965 0 0 0 
1.995 0 0 0 
2.025 0 0 0 
2.055 0 0 0 
2.085 0 0 0 
2.115 0 0 0 
2.145 0 0 0 
2.175 0 0 0 
2.205 0 0 0 
2.235 0 0 0 
2.265 0 0 0 
2.295 0 0 0 
2.325 0 0 0 
2.355 0 0 0 
2.385 0 0 0 
2.415 0 0 0 
2.445 0 0 0 
2.475 0 0 0 
2.505 0 0 0 
2.535 0 0 0 
2.565 0 0 0 
2.595 0 0 0 
2.625 0 0 0 
2.655 0 0 0 
2.685 0 0 0 
2.715 0 0 0 
2.745 0 0 0 
2.775 0 0 0 
2.805 0 0 0 
2.835 0 0 0 
2.865 0 0 0 
2.895 0 0 0 
2.925 0 0 0 
2.955 0 0 0 
2.985 0 0 0 
3.015 0 0 0 
3.045 0 0 0 
3.075 0 0 0 
3.105 0 0 0 
3.135 0 0 0 
3.165 0 0 0 
3.195 0 0 0 
3.225 0 0 0 
3.255 0 0 0 
3.285 0 0 0 
3.315 0 0 0 
3.345 0 0 0 
3.375 0 0 0 
3.405 0 0 0 
3.435 0 0 0 
3.465 0 0 0 
3.495 0 0 0 
3.525 0 0 0 
3.555 0 0 0 
3.585 0 0 0 
3.615 0 0 0 
3.645 0 0 0 
3.675 0 0 0 
3.705 0 0 0 
3.735 0 0 0 
3.765 0 0 0 
3.795 0 0 0 
3.825 0 0 0 
3.855 0 0 0 
3.885 0 0 0 
3.915 0 0 0 
3.945 0 0 0 
3.975 0 0 0 
4.005 0 0 0 
4.035 0 0 0 
4.065 0 0 0 
4.095 0 0 0 
4.125 0 0 0 
4.155 0 0 0 
4.185 0 0 0 
4.215 0 0 0 
4.245 0 0 0 
4.275 0 0 0 
4.305 0 0 0 
4.335 0 0 0 
4.365 0 0 0 
4.395 0 0 0 
4.425 0 0 0 
4.455 0 0 0 
4.485 0 0 0 
4.515 0 0 0 
4.545 0 0 0 
4.575 0 0 0 
4.605 0 0 0 
4.635 0 0 0 
4.665 0 0 0 
4.695 0 0 0 
4.725 0 0 0 
4.755 0 0 0 
4.785 0 0 0 
4.815 0 0 0 
4.845 0 0 0 
4.875 0 0 0 
4.905 0 0 0 
4.935 0 0 0 
4.965 0 0 0 
4.995 0 0 0 
5.025 0 0 0 
5.055 0 0 0 
5.085 0 0 0 
5.115 0 0 0 
5.145 0 0 0 
5.175 0 0 0 
5.205 0 0 0 
5.235 0 0 0 
5.265 0 0 0 
5.295 0 0 0 
5.325 0 0 0 
5.355 0 0 0 
5.385 0 0 0 
5.415 0 0 0 
5.445 0 0 0 
5.475 0 0 0 
5.505 0 0 0 
5.535 0 0 0 
5.565 0 0 0 
5.595 0 0 0 
5.625 0 0 0 
5.655 0 0 0 
5.685 0 0 0 
5.715 0 0 0 
5.745 0 0 0 
5.775 0 0 0 
5.805 0 0 0 
5.835 0 0 0 
5.865 0 0 0 
5.895 0 0 0 
5.925 0 0 0 
5.955 0 0 0 
5.985 0 0 0 
